6
0 0 106 326 164 137
0 0 155 93 358 631
106 155 0 66 8 830
326 93 66 0 318 34
164 358 8 318 0 758
137 631 830 34 758 0