7
0 648 393 188 96 238 292
648 0 97 42 74 376 161
393 97 0 318 170 12 16
188 42 318 0 200 323 6
96 74 170 200 0 98 13
238 376 12 323 98 0 104
292 161 16 6 13 104 0