6
0 667 349 69 252 232
667 0 89 12 60 16
349 89 0 314 736 45
69 12 314 0 125 141
252 60 736 125 0 453
232 16 45 141 453 0