7
0 423 551 398 948 220 503
423 0 235 48 365 163 19
551 235 0 272 199 210 211
398 48 272 0 682 485 183
948 365 199 682 0 23 256
220 163 210 485 23 0 18
503 19 211 183 256 18 0