8
0 76 4 64 67 0 1 3
76 0 1 31 36 30 41 15
4 1 0 93 27 67 3 56
64 31 93 0 6 51 31 7
67 36 27 6 0 3 80 9
0 30 67 51 3 0 4 4
1 41 3 31 80 4 0 66
3 15 56 7 9 4 66 0