8
0 64 38 50 19 0 56 0
64 0 27 53 12 90 10 20
38 27 0 5 71 16 14 0
50 53 5 0 62 11 5 43
19 12 71 62 0 32 5 3
0 90 16 11 32 0 28 5
56 10 14 5 5 28 0 11
0 20 0 43 3 5 11 0