7
0 220 2 105 590 608 212
220 0 742 40 360 88 173
2 742 0 83 394 123 141
105 40 83 0 494 146 392
590 360 394 494 0 132 127
608 88 123 146 132 0 242
212 173 141 392 127 242 0