7
0 269 6 417 79 24 9
269 0 565 601 101 42 3
6 565 0 56 26 35 183
417 601 56 0 129 43 191
79 101 26 129 0 12 34
24 42 35 43 12 0 158
9 3 183 191 34 158 0