7
0 911 693 37 530 106 2
911 0 335 164 69 228 5
693 335 0 175 245 215 663
37 164 175 0 622 147 580
530 69 245 622 0 348 28
106 228 215 147 348 0 15
2 5 663 580 28 15 0