6
0 5 89 223 445 7
5 0 538 108 592 273
89 538 0 234 684 205
223 108 234 0 8 86
445 592 684 8 0 492
7 273 205 86 492 0