6
0 605 76 316 161 626
605 0 68 60 73 224
76 68 0 651 51 48
316 60 651 0 1 357
161 73 51 1 0 229
626 224 48 357 229 0