6
0 228 35 74 43 339
228 0 500 129 31 651
35 500 0 104 423 100
74 129 104 0 56 119
43 31 423 56 0 226
339 651 100 119 226 0