8
0 10 35 55 36 19 8 41
10 0 33 2 33 44 3 7
35 33 0 29 0 1 32 28
55 2 29 0 86 0 56 32
36 33 0 86 0 52 8 5
19 44 1 0 52 0 27 4
8 3 32 56 8 27 0 20
41 7 28 32 5 4 20 0