7
0 222 536 148 90 0 74
222 0 125 269 70 37 144
536 125 0 355 278 7 38
148 269 355 0 158 14 49
90 70 278 158 0 353 134
0 37 7 14 353 0 677
74 144 38 49 134 677 0